10697,3194938880,23
10697,3363516672,24
10697,3194443008,24
10697,3194937344,24
10697,3194937600,24
10697,3194937856,24
10697,3194938112,24
10697,3194938368,24
10697,3194938624,24
10697,3358761216,24
10697,3202618112,24
10697,3194939136,24
10697,3194940672,24
10697,3194940928,24
10697,3194941184,24
10697,3194943488,21
10697,3195136256,24
10697,3195136512,23
10697,3194442752,24
10697,3195136000,23
10697,3363512576,24
10697,3363513856,24
10697,3363514112,24
10697,3363514368,21
10697,3363514624,24
10697,3363515136,24
10697,3363516416,24
10697,3194938880,24
10697,3363517184,24
10697,3363517440,23
10697,3363517440,24
10697,3363517696,24
10697,3363517952,24
10697,3363518208,24
10697,3358760960,24
10697,3358767104,24
10697,3358761728,24
10697,3358761984,24
10697,3358762240,24
10697,3358762496,24
10697,3358762752,24
10697,3358763008,24
10697,3358763264,24
10697,3358763520,24
10697,3355938816,24
10697,3358764032,24
10697,3358764288,24
10697,3358764544,24
10697,3358764800,24
10697,3358765056,24
10697,3358766080,24
10697,3358766336,24
10697,3358766848,24
10697,3355939072,24
10697,3358767360,24
10697,3358767616,24
10697,3358767872,24
10697,3358768128,24
10697,3358768384,24
10697,3358768640,24
10697,3355938816,22
10697,3358761472,24
10697,3358763776,24
10697,3355939328,24
10697,3355939584,24
10697,3387579648,25
10697,3387579776,25
10697,3470610432,20
10697,3470610432,24
10697,3470614272,24
