17471,3411258880,24
17471,3411255296,20
17471,3411255296,24
17471,3411255552,24
17471,3411255808,24
17471,3411256064,24
17471,3411256320,24
17471,3411256576,24
17471,3411256832,24
17471,3411257344,24
17471,3411257600,24
17471,3411257856,24
17471,3411258112,24
17471,3411258368,24
17471,3411258624,24
17471,3418300672,24
17471,3411259136,24
17471,3411259392,20
17471,3411259392,24
17471,3411259648,24
17471,3411259904,24
17471,3411260672,24
17471,3411260928,24
17471,3411261184,24
17471,3411261440,24
17471,3411261696,24
17471,3411261952,24
17471,3411262208,24
17471,3411262464,24
17471,3411262720,24
17471,3397206528,24
17471,1728540672,24
17471,1728540928,24
17471,1728541184,24
17471,1728541440,24
17471,2053334016,24
17471,2053334272,24
17471,2053334528,24
17471,2053334784,24
17471,2053332992,21
17471,2053332992,24
17471,2053333248,24
17471,2053333504,24
17471,2053333760,24
17471,3397206016,21
17471,1728540672,22
17471,3397206784,24
17471,3397207040,24
17471,3397207296,24
17471,3397207552,24
17471,3397207808,24
17471,3397208064,21
17471,3397208064,24
17471,3397208320,24
17471,3397208576,24
17471,3397208832,24
17471,3397209856,24
17471,3418300416,24
