24085,2018009088,24
24085,2018012672,24
24085,2018012928,24
24085,2018013184,24
24085,2018016256,24
24085,2018004992,21
24085,2018005248,24
24085,2018005504,24
24085,2018005760,24
24085,2018006016,24
24085,2018006272,24
24085,2018006528,24
24085,2018006784,24
24085,2018009088,19
24085,2018012160,24
24085,2018009600,24
24085,2018009856,24
24085,3394166784,21
24085,3394166784,24
24085,3394167552,24
24085,3394167808,24
24085,3394168064,24
24085,3394168320,24
24085,3394168576,24
24085,3414423392,28
24085,3523362816,18
24085,3523362816,24
24085,3523363840,24
24085,1958824192,24
24085,1731060736,24
24085,1731061248,24
24085,1868294656,28
24085,1958821888,20
24085,1958821888,24
24085,1958822144,24
24085,1958822400,24
24085,1958822656,24
24085,1958822912,24
24085,1958823168,24
24085,1958823424,24
24085,1958823680,24
24085,1958823936,24
24085,1731060736,22
24085,1958824448,24
24085,1958824704,24
24085,1958824960,24
24085,1958825216,24
24085,1958825728,24
24085,2018010112,24
24085,2018010368,24
24085,2018010624,24
24085,2018010880,24
24085,2018011136,24
24085,2018011392,24
24085,2018011648,24
24085,2018011904,24
