41691,1507706368,24
41691,1840009216,21
41691,1840011264,21
41691,1840013312,19
41691,1840013824,23
41691,2994864128,16
41691,1507704832,22
41691,1507705856,24
41691,1507706112,24
41691,1840007168,21
41691,1507706624,24
41691,1507706880,24
41691,1507707136,24
41691,1507707392,24
41691,1507707648,24
41691,1507707904,24
41691,1507708160,24
41691,1507708672,24
41691,1840003584,24
41691,1839992832,20
41691,1839996928,20
41691,1840001024,21
41691,1840001792,24
41691,1840002048,24
41691,1840002304,24
41691,1840003072,21
41691,1840003072,24
41691,1839988736,20
41691,1840003840,24
41691,1840004096,24
41691,1840004352,24
41691,1840004608,24
41691,1840004864,24
41691,1840005120,22
41691,1840006144,22
