4270,2865906688,24
4270,2865946624,21
4270,2865948672,22
4270,2865950720,22
4270,2865890048,24
4270,2865897472,22
4270,2865901568,22
4270,2865890560,24
4270,2865904640,24
4270,2865945600,24
4270,2865907456,24
4270,2865907712,22
4270,2865909760,22
4270,2865910784,24
4270,2865911808,22
4270,2865912832,22
4270,3489155584,23
4270,2865934592,24
4270,2865915904,24
4270,2865916928,22
4270,2865924096,21
4270,2865928192,22
4270,2865929216,24
4270,2865929728,24
4270,2865929984,24
4270,2865934336,24
4270,2865889280,16
4270,2865934848,24
4270,2865935104,24
4270,2865938432,21
4270,2865940480,21
4270,2865942528,21
4270,2865944576,22
4270,2865894912,24
