57786,778482688,24
57786,1567833600,23
57786,1495803904,24
57786,1495717888,22
57786,1495616512,22
57786,1495631104,24
57786,1495424512,23
57786,1495451648,23
57786,1495356160,24
57786,1495355648,24
57786,1495385600,24
57786,1495365120,24
57786,1495279616,24
57786,1449867008,24
57786,1449680896,21
57786,778483200,23
57786,2967432960,24
57786,778482176,23
57786,778481920,24
57786,630999040,21
57786,630998784,24
57786,630998016,24
57786,630997760,24
57786,630996992,23
57786,630990336,23
57786,631045120,22
57786,631033856,22
57786,631027712,22
57786,631013376,20
57786,631007232,22
57786,3167953408,23
57786,3167953152,24
