58272,2997526528,22
58272,2997545728,24
58272,2147500288,24
58272,2147500544,24
58272,2147500800,24
58272,2147501056,24
58272,2147501312,24
58272,2147501568,24
58272,2147501824,24
58272,2372241152,24
58272,2372242432,23
58272,2372252672,22
58272,2372254976,24
58272,2372255744,21
58272,3158859776,20
58272,2372264448,23
58272,2372264960,23
58272,2372265472,23
58272,2372265984,24
58272,2372266240,24
58272,2372267264,24
58272,2372267520,23
58272,2372268544,24
58272,2372269568,24
58272,2372269824,24
58272,2997518336,20
58272,2997520384,21
58272,2997545472,24
58272,621966080,24
58272,2997528064,24
58272,2997528320,24
58272,2997528576,22
58272,2997529600,22
58272,2997530624,22
58272,2997532160,23
58272,2997532672,24
58272,2997532928,24
58272,2997533184,24
58272,2997533440,24
58272,2997533696,23
58272,2997522432,20
58272,2147500032,24
58272,2997545984,22
58272,2997550080,24
58272,3103924224,24
58272,3103924480,24
58272,3103924736,24
58272,3103924992,24
58272,3104085504,24
58272,3104085760,24
58272,3158863872,21
58272,3158865920,22
58272,3158867456,24
58272,621952512,24
58272,787712000,21
58272,3650509056,24
58272,3650509312,24
58272,3650509568,24
58272,3650509824,24
58272,3650510080,24
58272,3650510336,24
58272,3650510592,24
58272,621964032,24
58272,621964288,23
58272,621964800,24
58272,621965056,24
58272,621965312,24
58272,1541605376,22
58272,621965824,24
58272,621966336,23
58272,621966848,23
58272,621967360,23
58272,621967872,23
58272,621941760,23
58272,621943296,24
58272,621945856,23
58272,621946368,23
58272,621946880,23
58272,621951744,24
58272,621952000,23
58272,635889152,23
58272,2372263936,24
58272,621955072,23
58272,621955584,23
58272,621956096,23
58272,635863040,21
58272,635870208,22
58272,635873280,21
58272,635875328,20
58272,635884544,23
58272,635885056,23
58272,635885568,23
58272,635886080,23
58272,621965568,24
58272,3650508800,24
58272,787714048,20
58272,787718144,21
58272,787720192,21
58272,787721728,24
58272,787721984,24
58272,787724288,21
58272,787726336,19
58272,787740160,24
58272,787740416,24
58272,787740672,22
58272,787741696,24
