65001,3207495680,19
65001,3204538368,19
65001,3204612096,19
65001,3204620288,19
65001,3204628480,19
65001,3204636672,19
65001,3218554880,19
65001,3218563072,19
65001,3204644864,19
65001,3204653056,19
65001,3204530176,19
65001,3207503872,19
65001,3207512064,19
65001,3207520256,19
65001,3207528448,19
65001,3207561216,19
65001,3207569408,19
65001,3207577600,19
65001,3207585792,19
65001,3161968640,23
65001,3140157440,19
65001,3140190208,19
65001,3140198400,19
65001,3140206592,19
65001,3140214784,19
65001,3140165632,19
65001,3140173824,19
65001,3140182016,19
65001,3207536640,19
65001,3161970688,23
65001,3161973760,23
65001,3161974272,24
65001,3161975552,24
65001,3161979136,24
65001,3160364544,24
65001,3204448256,19
65001,3204456448,19
65001,3353552640,24
65001,3315488000,24
65001,3322645760,24
65001,3335278592,24
65001,3353292544,24
65001,3353295872,24
65001,3353296384,24
65001,3353597696,24
65001,3353551104,24
65001,3315485184,24
65001,3356962560,24
65001,3357608448,24
65001,3357608704,24
65001,3357608192,24
65001,3356079616,24
65001,3356079872,24
65001,3356080128,24
65001,3356080384,24
65001,3253430784,24
65001,3207544832,19
65001,3207553024,19
65001,3244859136,24
65001,3245007616,24
65001,3245235200,24
65001,3239000064,24
65001,3252508416,24
65001,3252508928,24
65001,3140116480,19
65001,3253694720,24
65001,3240730112,23
65001,3241862912,24
65001,3242977280,24
65001,3257491456,20
65001,3285148928,24
65001,3285158016,28
65001,3285124352,24
65001,3063986176,25
65001,3063985152,25
65001,3063985280,25
65001,3063985408,25
65001,3063985536,25
65001,3063985664,25
65001,3063985792,25
65001,3063985920,25
65001,3063986048,25
65001,3063985024,25
65001,3063986304,25
65001,3063986432,25
65001,3063986560,25
65001,3063986688,25
65001,3063986816,25
65001,3063986944,25
65001,3063987072,25
65001,3063987200,25
65001,3063983872,25
65001,3063982848,25
65001,3063982976,25
65001,3063983104,25
65001,3063983232,25
65001,3063983360,25
65001,3063983488,25
65001,3063983616,25
65001,3063983744,25
65001,3063987328,25
65001,3063984000,25
65001,3063984128,25
65001,3063984256,25
65001,3063984384,25
65001,3063984512,25
65001,3063984640,25
65001,3063984768,25
65001,3063984896,25
65001,3136700416,19
65001,3136634880,19
65001,3136643072,19
65001,3136684032,19
65001,3136716800,19
65001,3136724992,19
65001,3136733184,19
65001,3136741376,19
65001,3136692224,19
65001,3136626688,19
65001,3136708608,19
65001,3140091904,19
65001,3140124672,19
65001,3140132864,19
65001,3140141056,19
65001,3140149248,19
65001,3140100096,19
65001,3140108288,19
65001,3056793600,24
65001,3063987456,25
65001,3063987584,25
65001,3063987712,25
65001,3063987840,25
65001,3063987968,25
65001,3063988096,25
65001,3056792064,24
65001,3056793088,24
65001,3397159936,24
65001,3056793856,24
65001,3106391040,25
65001,3106391168,25
65001,3136618496,19
65001,3136651264,19
65001,3136659456,19
65001,3136667648,19
65001,3136675840,19
65001,1120345600,24
65001,1049423872,23
65001,1049424896,28
65001,1049424920,29
65001,1049424928,29
65001,1049424936,29
65001,1114126848,24
65001,1120038912,23
65001,1120103936,24
65001,1049421056,24
65001,1110905344,24
65001,1110905600,24
65001,1306423365,32
65001,1306419494,32
65001,1306420019,32
65001,1298107008,25
65001,1298106896,28
65001,1310526009,32
65001,774642688,22
65001,759194880,24
65001,759195136,24
65001,759195392,24
65001,774639616,21
65001,774641664,23
65001,774642176,24
65001,774642432,24
65001,1310525193,32
65001,93302784,20
65001,97397986,32
65001,97398837,32
65001,97405063,32
65001,86228992,21
65001,842717696,24
65001,842717952,24
65001,1049420928,25
65001,1592954880,20
65001,1547609344,24
65001,1572801160,29
65001,1578695877,32
65001,1578695878,32
65001,1578695879,32
65001,1578695881,32
65001,1578695883,32
65001,1592950784,20
65001,1542735360,24
65001,1592954880,24
65001,1592956160,24
65001,1592956416,24
65001,1592956672,24
65001,1592958976,20
65001,1592961024,24
65001,1592963072,20
65001,1599428096,24
65001,1407863936,25
65001,1358807040,21
65001,1358809088,21
65001,1347265536,23
65001,1347266048,24
65001,1383221760,24
65001,1382228992,23
65001,1382235648,24
65001,1407863808,25
65001,759194624,24
65001,1439464960,24
65001,1446227200,24
65001,1489895688,32
65001,1489899973,32
65001,1489908120,32
65001,1539754752,24
65001,1540585984,24
65001,1542475008,24
65001,3485404672,24
65001,3426396416,24
65001,3426396672,24
65001,3426396928,24
65001,3485427200,24
65001,3485428992,24
65001,3485404160,24
65001,3485433344,24
65001,3485404416,24
65001,3426396160,24
65001,3485414912,24
65001,3486113792,24
65001,3507252736,24
65001,3507257344,24
65001,3515377408,24
65001,3515382272,24
65001,3515382528,24
65001,3515386880,24
65001,3412216704,25
65001,3397160192,24
65001,3397160704,24
65001,3392221184,24
65001,3393020928,24
65001,3393021184,24
65001,3412216064,25
65001,3412216192,25
65001,3412216576,25
65001,3515368960,24
65001,3412217600,25
65001,3412217728,25
65001,3412218624,25
65001,3412218752,25
65001,3412218880,25
65001,3412219008,25
65001,3412220672,25
65001,3412220800,25
65001,531421184,21
65001,3629420032,24
65001,3629420288,24
65001,3629460736,24
65001,3645693952,20
65001,531415040,21
65001,531417088,21
65001,531419136,21
65001,3629419776,24
65001,533708801,32
65001,533721524,32
65001,696973312,22
65001,701461760,24
65001,701462784,24
65001,701463040,24
65001,701456640,24
65001,701457152,24
65001,3561963520,19
65001,3515369216,24
65001,3515372032,24
65001,3515372288,24
65001,3515376384,24
65001,3563724800,21
65001,3563726848,21
65001,3563728896,21
65001,3563730944,21
65001,3063982720,25
65001,3582223616,24
65001,3582225152,24
65001,3582226176,24
65001,3582226944,24
65001,3582228224,24
65001,3589979136,24
65001,3640485376,24
65001,3627478784,24
65001,1952056064,25
65001,1952061824,25
65001,1952061952,25
65001,1952062080,25
65001,1952062208,25
65001,1952062336,25
65001,1952062464,25
65001,1952062592,25
65001,1952062720,25
65001,1952062848,25
65001,1952061696,25
65001,1952056192,25
65001,1952062976,25
65001,1952063104,25
65001,1952063232,25
65001,1952063360,25
65001,1952063488,25
65001,1952063616,25
65001,1952063744,25
65001,1952060544,25
65001,1952059776,25
65001,1952059904,25
65001,1952060032,25
65001,1952060160,25
65001,1952060288,25
65001,1952055808,25
65001,1952055936,25
65001,1952060416,25
65001,1952063872,25
65001,1952060672,25
65001,1952060800,25
65001,1952060928,25
65001,1952061056,25
65001,1952061184,25
65001,1952061312,25
65001,1952061440,25
65001,1952061568,25
65001,1952067072,25
65001,1952066048,25
65001,1952066176,25
65001,1952066304,25
65001,1952066432,25
65001,1952066560,25
65001,1952066688,25
65001,1952066816,25
65001,1952066944,25
65001,1952065920,25
65001,1952067200,25
65001,1952067328,25
65001,1952067456,25
65001,1952067584,25
65001,1952067712,25
65001,1952067840,25
65001,1952067968,25
65001,1952056576,25
65001,1952065024,25
65001,1952064000,25
65001,1952064128,25
65001,1952064256,25
65001,1952064384,25
65001,1952064512,25
65001,1952064640,25
65001,1952064768,25
65001,1952064896,25
65001,1952059648,25
65001,1952065152,25
65001,1952065280,25
65001,1952065408,25
65001,1952056320,25
65001,1952056448,25
65001,1952065536,25
65001,1952065664,25
65001,1952065792,25
65001,1870046976,25
65001,1870045952,25
65001,1870046080,25
65001,1870046208,25
65001,1870046336,25
65001,1870046464,25
65001,1870046592,25
65001,1870046720,25
65001,1870046848,25
65001,1870045824,25
65001,1870047104,25
65001,1870047232,25
65001,1870047360,25
65001,1870047488,25
65001,1870047616,25
65001,1870047744,25
65001,1870047872,25
65001,1870048000,25
65001,1843462144,20
65001,1729451008,24
65001,1729451264,24
65001,1729451520,24
65001,1729451776,24
65001,1777062400,24
65001,1841237280,32
65001,1841271573,32
65001,1841248595,32
65001,1870048128,25
65001,1843466240,20
65001,1843470336,20
65001,1843474432,20
65001,1870045184,25
65001,1870045312,25
65001,1870045440,25
65001,1870045568,25
65001,1870045696,25
65001,1952058496,25
65001,1952055424,25
65001,1952055552,25
65001,1952055680,25
65001,1952057856,25
65001,1952057984,25
65001,1952058112,25
65001,1952058240,25
65001,1952058368,25
65001,1952055296,25
65001,1952058624,25
65001,1952058752,25
65001,1952058880,25
65001,1952059008,25
65001,1952059136,25
65001,1952059264,25
65001,1952059392,25
65001,1952059520,25
65001,1866678528,24
65001,1870048256,25
65001,1870048384,25
65001,1870048512,25
65001,1870048640,25
65001,1870048768,25
65001,1870048896,25
65001,1870049024,25
65001,1870049152,25
65001,1952056704,25
65001,1866679296,24
65001,1866682624,24
65001,1866682880,24
65001,1866683648,24
65001,1866684928,24
65001,1866685440,24
65001,1866685696,24
65001,1866685952,24
65001,3063976960,25
65001,3063975936,25
65001,3063976064,25
65001,3063976192,25
65001,3063976320,25
65001,3063976448,25
65001,3063976576,25
65001,3063976704,25
65001,3063976832,25
65001,3063975808,25
65001,3063977088,25
65001,3063977216,25
65001,3063977344,25
65001,3063977472,25
65001,3063977600,25
65001,3063977728,25
65001,3063977856,25
65001,3063977984,25
65001,3063974656,25
65001,3063973632,25
65001,3063973760,25
65001,3063973888,25
65001,3063974016,25
65001,3063974144,25
65001,3063974272,25
65001,3063974400,25
65001,3063974528,25
65001,3063978112,25
65001,3063974784,25
65001,3063974912,25
65001,3063975040,25
65001,3063975168,25
65001,3063975296,25
65001,3063975424,25
65001,3063975552,25
65001,3063975680,25
65001,3063981568,25
65001,3063980544,25
65001,3063980672,25
65001,3063980800,25
65001,3063980928,25
65001,3063981056,25
65001,3063981184,25
65001,3063981312,25
65001,3063981440,25
65001,3063980416,25
65001,3063981696,25
65001,3063981824,25
65001,3063981952,25
65001,3063982080,25
65001,3063982208,25
65001,3063982336,25
65001,3063982464,25
65001,3063982592,25
65001,3063979264,25
65001,3063978240,25
65001,3063978368,25
65001,3063978496,25
65001,3063978624,25
65001,3063978752,25
65001,3063978880,25
65001,3063979008,25
65001,3063979136,25
65001,3063973504,25
65001,3063979392,25
65001,3063979520,25
65001,3063979648,25
65001,3063979776,25
65001,3063979904,25
65001,3063980032,25
65001,3063980160,25
65001,3063980288,25
65001,1952071168,25
65001,1952070400,25
65001,1952070528,25
65001,1952056832,25
65001,1952056960,25
65001,1952070656,25
65001,1952070784,25
65001,1952070912,25
65001,1952071040,25
65001,1952070272,25
65001,1952071296,25
65001,1952071424,25
65001,1952071552,25
65001,1952057088,25
65001,1952057216,25
65001,1952057344,25
65001,1952057472,25
65001,1952057600,25
65001,1952069120,25
65001,1952068096,25
65001,1952068224,25
65001,1952068352,25
65001,1952068480,25
65001,1952068608,25
65001,1952068736,25
65001,1952068864,25
65001,1952068992,25
65001,1952057728,25
65001,1952069248,25
65001,1952069376,25
65001,1952069504,25
65001,1952069632,25
65001,1952069760,25
65001,1952069888,25
65001,1952070016,25
65001,1952070144,25
65001,3063972352,25
65001,2967655204,32
65001,3000188416,24
65001,3000188672,24
65001,3002836496,28
65001,3063971840,25
65001,3063971968,25
65001,3063972096,25
65001,3063972224,25
65001,2967635187,32
65001,3063972480,25
65001,3063972608,25
65001,3063972736,25
65001,3063972864,25
65001,3063972992,25
65001,3063973120,25
65001,3063973248,25
65001,3063973376,25
65001,2565586944,19
65001,2230823680,24
65001,2328559616,16
65001,2565341184,19
65001,2565349376,19
65001,2565521408,19
65001,2565529600,19
65001,2565488640,19
65001,2565496832,19
65001,1694515200,25
65001,2713947904,24
65001,2713948032,25
65001,2713948416,24
65001,2832662528,19
65001,2832670720,20
65001,2868672512,24
65001,2922250240,24
65001,2922263808,24
